[redshift]

temp-day=5700
temp-night=2300

fade=1

dawn-time=6:00-9:00
dusk-time=17:35-20:15

location-provider=manual

[manual]
lat=-33.937083
lon=18.401704
